array([  691,  8597,  4243,  2861,  8389,   193, 11489,  6037,  7331,
         919, 11489, 12401, 12703,  2647, 15913,   307, 13729,  6053,
        1877,  5009, 16217, 10093,  6067,  6367,  5791,  1699,  6229,
        1907,  9377, 11069,    47, 14143, 10177,  3221, 10061,  4969,
        6827,  8467, 11467,  5503, 16127,  5059,  1063,  2609,   491,
       10739,   857,   929,  9857,  5303,  6247,  4517, 10853,  5113,
        3449,  8179,  2971,  8111, 12101, 15913, 10853,  9547, 11981,
        6121, 15101,  3671,  3463,  8243,  3557,  3559, 11071,  9479,
       15683,  8429,  6991,  5309, 14153,  7841,  5507,  5297,  5233,
       15527, 12959,  9419,  9109,  5231, 12539,  2441,  1019,  6841,
        2503, 13841,  9551,   863, 10163, 10331,  4513, 15031,  8863,
       14929,  1997,  7237, 15173,  3463,  9151, 12541, 16339,  6577,
         523,  6397,  4007,  2129, 11743,  9463,  8389,  2377,  2833,
          29,   487, 10753,  5323,  8363,   593, 15031,  5927,  1093,
       15907, 15823, 16069,  1427, 12721,  2687,  3323,  9521,  6823,
        1747, 15139,  6389, 12637,  4157,  6779,  3271,  2549, 14683,
        2833,  9151,  4273,  7417, 12377,  2789,  4093,  3847, 14557,
        1201,  1249, 13577, 16111,  1009,  4091, 13127,  4259, 16339,
        5503,  3203,  9283, 14407, 15017,  1307,  4813, 15073, 12799,
        8009,  1409,  2161,  5479,  9001,   307,  8087,  1753,  8461,
         691,  1747,  1289,  8999,  1259,  5309, 11953, 10163,  3359,
        8419,   617, 14741, 11689,  2683,  9397,  3943, 15443, 10211,
       12037, 16339,  7069,  5119, 13907,   137, 11437,  6481,   317,
         677,  8741,  1657, 10457,    73, 11633, 15227, 11897,  1871,
        2633,  4057, 14293, 10957, 10903,  2207,  6361,  2351, 15727,
        3373,  5923, 15727,  8741,  1553,  5381,  5039,  9397,   661,
       13903,  1049,  4993,  6007,  7247,  6047,  8689,  2887,  1409,
        4547,  4679,  9187,  8933,  1021,  1201,  2617,   877,  3067,
         683,   877,  8893,  4283,  5701,   563,  1499,  9539, 10303,
       13807, 12413, 13049, 10531,   193,  5437,   659,  9397, 13249,
         823,  7247,  2683, 15887,  3541, 14957,  5861,  2833,   103,
        4451,  9857,   601, 14389, 16223,  1637,   881, 11251,  7523,
       13877,  5779,  5171,   233,  1789, 12853, 10657,   509,  6337,
       13177,  8821,  6653,    31, 14887, 14293,  3061,  9719,  7723,
        8689, 11551, 13597,  1801,  9181, 14033,   839,  9871,  5711,
        2953,  6257,  5303,  3691, 15427, 10079, 13217, 15013,  9787,
        1801,  1531, 12491,  7159, 14897,  5417, 11621,  8933, 11491,
       15443,   911,  4349,  7583,  2087, 10513, 14813,  5669, 11941,
        2029,  1789,   233,  2131,  1429, 10487,  8627,  1453, 15641,
        1823, 11171,  8819,  2861,   829,  9277,  4013,  1609,  8171,
        3187,  5573,  4903,  1999,  3517,  5657,  8219, 12329, 15377,
       14779,  3329, 12553,  7621,  5623,  2341,  7789, 12391, 13913,
       13829,  6343,  8419,  7669,  7013,  8719,  9421,  9941,  3109,
        9029, 10733, 15233,  6451,  5483, 13249,  5209,  3547, 13093,
        9209,  3413,  9371,  8059,  5669, 13873,  4349,  5879, 14423,
       13807, 14369, 10957,   991,  6101,   191,  1423,  9013,  2521,
        2659, 15887,  8237, 10169,  7529, 15061,   107, 13001, 10601,
        9829, 16139,  8089,  3833,  8269,  1193,  7591,   397, 15797,
        6871, 13669,   107, 11633,  7243,   103,  2137,  1061, 13729,
        2411, 11087,   223, 11083, 11887, 15823, 12373,  1361, 13109,
       10987,  2417, 14759,  6197, 14771,  9721,  3221, 12671,  6481,
       11149,  4391, 16061, 15241,  7793,  9787,  4969, 14767,  8243,
       11251,  6581,  4091, 13577, 11827,  2207,  5189,   743, 15569,
        9029, 16139,  7643,  3709, 15263,  9511, 14197,  7927,  7411,
        1453,  4789,   587, 13109,   193,   479,   919, 14593,  1117,
       13219,  7121, 16057,  3209, 10687,  7295,  7657, 13237,  4395,
       10447,  8029, 15491,  1911,  8143, 13947,  8151, 11525,  5043,
       11389,  1479, 13953,  2359,  8365,  9339,  2577,  4859, 13289,
        9171, 13851, 13869,  9033, 14517,  6635,  8045,  3211,  4927,
        3605, 11575, 12217,  6557, 16237,  4775,  4361,  3157, 13057,
        4989,  7781,  3861, 10785, 14673, 13493,  1903, 14807,   567,
       15449, 11995,  4081,  4593,  5075,  9307,  9165,  7051,  8253,
        5723,  5181,  2989, 11727, 11477,  5305,  7719,  5961, 12081,
        4059, 11901, 12257, 15645,  3771, 15765,  8285, 13559,  5575,
        7827,  9303,  2747, 12195, 14319, 16375, 11571, 12843,  4897,
       12313, 14025, 12975,  6333,  6641,  8683, 16373,  8385,   553,
        4379,  4821,  2465,  6797,  3339, 16383,  6471,  5343,  4445,
        5965,  1139,  5313,  7641,  1921,  8947, 14807,  9917, 13809,
       11651,  3101,  8615,   553, 15399,  1169,  7375,  3693,  7931,
        4719, 13549, 16137,  1211, 15503, 12057,  7009,  6013,  3991,
        9113, 13961,  3549,  2877,  7915,  4885,  7117, 15237,  1727,
       12237,  7273, 15251,  8251, 15305,   959,  6019, 15869,  9309,
       14099,  6677,  6787,  3227,  5395,   895, 15185, 12461,  8907,
        9493,  1497,   831, 10971,  3599, 15449, 10835, 12315,  6999,
       15465,  8973,  4393,  1885,  6071, 12957, 13091, 15505,  6209,
         213,  9165, 15869,  5397,  7943,  5251,  1521,  6539,  3991,
       13651, 12047,   501, 14625,  1591, 15093, 15595, 16059, 16211,
        6975,  4317,  5485, 11543,  1005,  2859,  8187, 15863, 12411,
        7893, 11697, 13279, 10305, 11139, 16153,  3715, 16027, 10645,
       14091,  2523,   345, 13965, 10807,  9081,  9189, 11793, 14841,
       15655,  3741,  7969, 16017,  6093,  4551,  9705,  4979, 10899,
       12091,  4033, 11725,  4199, 13673, 11803, 12419,  6813,  7625,
         161, 11715, 11167, 12093,  5917,  7429,   893, 15953,  4301,
       12797, 11751, 15669,  2471,  9363,  7995,  3609,  3131,  4983,
        9755,  1939, 14475, 16341, 16201, 12971, 15225, 13593,  5223,
       14493,  8811, 11541,  2907,  4425,  4405,  7905,   949, 13155,
       14637, 13917,  8337, 12111,  7957, 16027, 15007,  8709,  2991,
        5017,   817,   871,  4625,  5423, 15777,  7891,  4615,  6597,
        1661, 12331,  6573,  2509, 12051, 11781,  4173,  1575,  7065,
       11105,  6135, 11759,  1573,  8931,  9009, 10797,  2959, 10227,
       10975, 11379, 10995,  3975,  8679,  8247,  4991, 16053,  1469,
        4727, 12009,  5589, 15111, 15771,  8983,   203, 11187,  5049,
       15951,  6147, 13977,  5809, 13329, 15047,  1077,  9675,  8041,
        4185,  1023,  1745,  9165, 15117,  2573, 13561, 12023,  5885,
        7795, 13245,  9977,  5547,  1075, 12355, 14427,  1079, 13939,
        5421,  6245,  7897,  1585,  3493,  5465,  8271,  2147,  5819,
        5571, 10491,  5065,  3387, 14025,  5265,  7697, 11371,  4837,
        2901,  9935, 12947,  4141, 15375,   301,  8109, 12673,  3443,
        9065, 16043,  9835, 12951,  5121, 10241,  1233,  8049,  4331,
       15433,  6111,  6005,  7973,  5275, 14375, 10689, 15843,  8889,
       12591, 15205,  5915,   889,  3265,  4775,  9919,  1851, 14649,
        5677, 10757,  2755, 12267, 11949,  7737,  6647,  8451,  3283,
       15633, 12075, 15705,  7545, 10907,  5363, 11979,  4709,  9671,
       14725,  5247,  9809, 10741,  3909,  4681, 11885, 11105, 12169,
        6171,  8357, 13919,  2075, 13793,  8309,  1939, 13301,  2799,
        3451,  8667,  5933, 10173,  9693, 11713,  2263,  9979,  1369,
       15577,  8303,  9961,  4173,  2915,  8379,  7843, 14845,  8697,
        7553,  3055, 12395,  8995,  7887,  7763, 11665, 13069,  1401,
        4947, 15839, 11051, 11237, 12199,  1243,   649, 14965,  1431,
        1261,  4323,  6409,  5673,  3305,  9809,  4551, 14995, 11589,
       12635,  9443, 10155,   305, 10941, 15167,  1071, 14873,  7455,
       11889])
